# Magic Solution 1 | Magic Sum = 870 | Subgrid Magic Sum = 1160
 91 126  53  20  93 124  51  22 107 110  35  38
 54  19  92 125  52  21  94 123  34  37 108 111
127  90  17  56 121  96  23  50 109 106  39  36
 18  55 128  89  24  49 122  95  40  33 112 105
 87 130  57  16  97 120  45  28 101 116  41  32
 58  15  88 129  48  25 100 117  44  29 104 113
131  86  13  60 119  98  27  46 115 102  31  42
 14  59 132  85  26  47 118  99  30  43 114 103
 83  12  61 136  79 138  67   6  69 144  73   2
 62 133  84   9  66   7  78 139  76   3  70 143
 11  82 135  64 137  80   5  68 141  72   1  74
134  63  10  81   8  65 140  77   4  75 142  71

# Magic Solution 2 | Magic Sum = 870 | Subgrid Magic Sum = 1160
 54  19  92 125  52  21  94 123  38  35 110 107
 91 126  53  20  93 124  51  22 111 108  37  34
 18  55 128  89  24  49 122  95  36  39 106 109
127  90  17  56 121  96  23  50 105 112  33  40
 58  15  88 129  48  25 100 117  44  29 104 113
 87 130  57  16  97 120  45  28 101 116  41  32
 14  59 132  85  26  47 118  99  30  43 114 103
131  86  13  60 119  98  27  46 115 102  31  42
 62 133  84   9  66   7  78 139  76   1  72 143
 83  12  61 136  79 138  67   6  69 142  75   2
134  63  10  81   8  65 140  77   4  73 144  71
 11  82 135  64 137  80   5  68 141  70   3  74

# Magic Solution 73 | Magic Sum = 870 | Subgrid Magic Sum = 1160
127  18  89  56 129  16  87  58 143   2  71  74
 90  55 128  17  88  57 130  15  70  73 144   3
 19 126  53  92  13 132  59  86   1 142  75  72
 54  91  20 125  60  85  14 131  76  69   4 141
123  22  93  52 133  12  81  64 137   8  77  68
 94  51 124  21  84  61 136   9  80  65 140   5
 23 122  49  96  11 134  63  82   7 138  67  78
 50  95  24 121  62  83  10 135  66  79   6 139
119  48  97  28 115  30 103  42 105  36 109  38
 98  25 120  45 102  43 114  31 112  39 106  35
 47 118  27 100  29 116  41 104  33 108  37 110
 26  99  46 117  44 101  32 113  40 111  34 107

# Magic Solution 74 | Magic Sum = 870 | Subgrid Magic Sum = 1160
 18 127  56  89  16 129  58  87   2 143  74  71
 55  90  17 128  57  88  15 130  75  72   1 142
126  19  92  53 132  13  86  59 144   3  70  73
 91  54 125  20  85  60 131  14  69  76 141   4
 22 123  52  93  12 133  64  81   8 137  68  77
 51  94  21 124  61  84   9 136  65  80   5 140
122  23  96  49 134  11  82  63 138   7  78  67
 95  50 121  24  83  62 135  10  79  66 139   6
 26  97  48 117  30 115  42 103  40 109  36 107
 47 120  25 100  43 102  31 114  33 106  39 110
 98  27 118  45 116  29 104  41 112  37 108  35
119  46  99  28 101  44 113  32 105  34 111  38

# Magic Solution 145 | Magic Sum = 870 | Subgrid Magic Sum = 1160
 19  54 125  92  21  52 123  94  35  38 107 110
126  91  20  53 124  93  22  51 106 109  36  39
 55  18  89 128  49  24  95 122  37  34 111 108
 90 127  56  17  96 121  50  23 112 105  40  33
 15  58 129  88  25  48 117 100  29  44 113 104
130  87  16  57 120  97  28  45 116 101  32  41
 59  14  85 132  47  26  99 118  43  30 103 114
 86 131  60  13  98 119  46  27 102 115  42  31
 11  84 133  64   7  66 139  78 141  72   1  74
134  61  12  81 138  79   6  67   4  75 142  71
 83  10  63 136  65   8  77 140  69 144  73   2
 62 135  82   9  80 137  68   5  76   3  70 143

# Magic Solution 146 | Magic Sum = 870 | Subgrid Magic Sum = 1160
126  91  20  53 124  93  22  51 110 107  38  35
 19  54 125  92  21  52 123  94  39  36 109 106
 90 127  56  17  96 121  50  23 108 111  34  37
 55  18  89 128  49  24  95 122  33  40 105 112
130  87  16  57 120  97  28  45 116 101  32  41
 15  58 129  88  25  48 117 100  29  44 113 104
 86 131  60  13  98 119  46  27 102 115  42  31
 59  14  85 132  47  26  99 118  43  30 103 114
134  61  12  81 138  79   6  67   4  73 144  71
 11  84 133  64   7  66 139  78 141  70   3  74
 62 135  82   9  80 137  68   5  76   1  72 143
 83  10  63 136  65   8  77 140  69 142  75   2

# Magic Solution 217 | Magic Sum = 870 | Subgrid Magic Sum = 1160
 55  90  17 128  57  88  15 130  71  74 143   2
 18 127  56  89  16 129  58  87 142   1  72  75
 91  54 125  20  85  60 131  14  73  70   3 144
126  19  92  53 132  13  86  59   4 141  76  69
 51  94  21 124  61  84   9 136  65  80   5 140
 22 123  52  93  12 133  64  81   8 137  68  77
 95  50 121  24  83  62 135  10  79  66 139   6
122  23  96  49 134  11  82  63 138   7  78  67
 47 120  25 100  43 102  31 114  33 108  37 110
 26  97  48 117  30 115  42 103  40 111  34 107
119  46  99  28 101  44 113  32 105  36 109  38
 98  27 118  45 116  29 104  41 112  39 106  35

# Magic Solution 218 | Magic Sum = 870 | Subgrid Magic Sum = 1160
 90  55 128  17  88  57 130  15  74  71   2 143
127  18  89  56 129  16  87  58   3 144  73  70
 54  91  20 125  60  85  14 131  72  75 142   1
 19 126  53  92  13 132  59  86 141   4  69  76
 94  51 124  21  84  61 136   9  80  65 140   5
123  22  93  52 133  12  81  64 137   8  77  68
 50  95  24 121  62  83  10 135  66  79   6 139
 23 122  49  96  11 134  63  82   7 138  67  78
 98  25 120  45 102  43 114  31 112  37 108  35
119  48  97  28 115  30 103  42 105  34 111  38
 26  99  46 117  44 101  32 113  40 109  36 107
 47 118  27 100  29 116  41 104  33 106  39 110

